Taxonomic identifier
103372
7029
7159
597362
9646
339724
447093
544712
544711
559297
13333
400682
8839
28377
43151
7165
7460
81972
3702
50452
756982
663331
535722
554155
6253
284811
344612
332952
330879
1033177
227321
380704
425011
510516
341663
7994
12957
44056
717982
3075
5865
684364
717646
655819
701091
665912
12968
546991
7091
9913
1290391
999810
15368
7739
51351
6279
1356009
135651
6238
6239
281687
31234
9483
104421
237561
294748
284593
1245528
578454
590646
294747
9615
595528
10141
914234
306901
759272
3055
554065
60711
7719
51511
1111077
306902
79923
246410
443226
1237896
1213859
645133
759273
1213857
1173701
1168221
240176
983644
29159
10029
214684
441375
353152
7176
1284197
13037
7955
6669
284592
44689
1054147
5786
675120
7217
7222
7227
7230
7234
46245
7238
7240
7244
7260
6211
2880
1003232
5801
284813
1263415
370354
5759
481877
9796
931890
1287681
858893
9685
1078123
59894
743788
885580
1279085
229533
1229664
1229665
426428
660025
1028729
644352
9031
69293
658429
184922
5741
334819
1104152
1116229
3847
9595
110365
655863
871575
610380
6412
10181
9606
112509
559515
85433
857967
4909
6945
1071382
1071383
284590
486041
559295
7897
5660
5671
5664
7918
985895
7209
379508
9785
9541
9544
1126212
242507
644358
425265
1230383
1072389
3880
36166
747676
9103
655827
655844
294746
683840
564608
296587
764103
554373
1381753
13616
81824
1220926
10090
214687
9669
573729
336722
225400
59463
5762
7425
1064592
1071378
660122
935791
944018
45351
1287680
331117
572307
367110
510952
61853
578461
578460
34765
6282
911162
8665
1262450
8128
9258
9986
4533
4538
39947
39946
8090
436017
70448
30611
9940
9598
9555
502780
502779
5888
121224
500485
1170229
27334
40296
441960
933388
423536
556484
321614
650164
3218
403677
164328
1094619
644223
559304
1109443
5823
5825
36329
5851
126793
73239
1209962
1069680
515849
48698
13642
9601
3694
561896
54126
383855
1151754
1392244
1305764
9402
418459
630390
5643
861557
426418
1076935
431595
10116
46433
983506
1108050
747089
246409
13249
1130832
1001064
3988
1160507
764097
764102
764101
764098
559292
764099
764100
226230
946362
9305
322104
6183
578458
653667
402676
284812
665079
88036
936435
4555
671987
4081
4113
13686
771870
4558
619300
43179
692275
999809
1391915
1358809
126957
7668
9823
59729
31033
441959
1097556
312017
32264
99883
1071380
1071381
159749
35128
5874
5875
578455
1286976
1076872
5811
72359
7070
6334
452589
431241
413071
5722
559882
559305
10228
1220162
4565
4572
185431
1068625
353153
5693
1055687
656061
246437
336963
1128400
237631
436907
948595
526221
498257
29760
993615
3067
1299270
671144
1206466
6293
8364
8083
284591
4577
136037
1333698
559307
